wall 1,474518 0,8141741 1,534549 3,755706 0 0 0
wall 1,534549 3,755706 2,997811 3,808233 0 0 0
wall 2,997811 3,808233 5,218968 3,710683 0 0 0
wall 5,218968 3,710683 5,211464 1,894737 0 0 0
wall 5,211464 1,894737 5,121418 0,8141741 0 0 0
wall 5,121418 0,8141741 2,352475 0,7616467 0 0 0
wall 0,7166232 -0,01125586 0,003751954 -0,06378322 0 0 0
wall 0,003751954 -0,06378322 -1,879729 -0,01125586 0 0 0
wall -1,879729 -0,01125586 -1,93976 0,3564357 0 0 0
wall -1,93976 0,3564357 -0,8742054 0,4239708 0 0 0
wall -0,8742054 0,4239708 0,7166232 0,2889005 0 0 0
wall 0,7991663 -0,06378322 0,7841584 0,3714435 0 0 0
wall 0,7841584 0,3714435 -0,8817092 0,4990099 0 0 0
wall -0,8817092 0,4990099 -1,834706 0,4689943 0 0 0
wall -1,834706 0,4689943 -2,059823 0,408963 0 0 0
wall -2,059823 0,408963 -1,962272 -0,1013028 0 0 0
wall -1,962272 -0,1013028 0,01125586 -0,1388223 0 0 0
wall 0,01125586 -0,1388223 0,7691506 -0,1088067 0 0 0
wall 3,59062 -1,699635 3,988327 -0,9492444 0 0 0
wall 3,988327 -0,9492444 3,553101 -0,1763418 0 0 0
wall 3,553101 -0,1763418 3,087858 -0,9942679 0 0 0
wall 3,087858 -0,9942679 3,515581 -1,662116 0 0 0
wall -4,356019 -2,337467 -4,040855 -1,819698 0 0 0
wall -4,040855 -1,819698 -4,295988 -1,399479 0 0 0
wall -4,295988 -1,399479 -4,438562 -1,316936 0 0 0
wall -4,438562 -1,316936 -4,693695 -1,902241 0 0 0
wall 5,444086 -3,943304 5,399062 -3,838249 0 0 0
wall 5,399062 -3,838249 5,399062 -3,020323 0 0 0
wall 5,399062 -3,020323 5,256488 -2,022303 0 0 0
wall 5,256488 -2,022303 5,271496 -0,7991663 0 0 0
wall 5,271496 -0,7991663 5,20396 0,3414278 0 0 0
wall 5,20396 0,3414278 5,309015 2,435018 0 0 0
wall 5,309015 2,435018 5,286503 3,793226 0 0 0
wall 5,286503 3,793226 2,840229 3,883273 0 0 0
wall 2,840229 3,883273 -0,6115686 3,778218 0 0 0
wall -0,6115686 3,778218 -3,260448 3,9358 0 0 0
wall -3,260448 3,9358 -4,678687 3,905784 0 0 0
wall -4,678687 3,905784 -5,309015 3,97332 0 0 0
wall -5,309015 3,97332 -5,646691 3,905784 0 0 0
wall -5,646691 3,905784 -5,706722 3,433038 0 0 0
wall -5,706722 3,433038 -5,654195 2,089839 0 0 0
wall -5,654195 2,089839 -5,774258 -0,5290256 0 0 0
wall -5,774258 -0,5290256 -5,616675 -3,635644 0 0 0
wall -5,616675 -3,635644 -2,435018 -3,830745 0 0 0
wall -2,435018 -3,830745 0,1838458 -3,823241 0 0 0
wall 0,1838458 -3,823241 1,887233 -3,9358 0 0 0
wall 1,887233 -3,9358 3,080354 -3,890777 0 0 0
wall -7,2 -4,048358 -7,2 3,027827 0 0 0
wall -7,2 3,027827 -7,147473 4,048358 0 0 0
wall -7,147473 4,048358 7,2 4,048358 0 0 0
wall 7,2 4,048358 7,2 -4,048358 0 0 0
gem -4,115894 -0,9642522 0 255 0
gem -5,886816 -2,735175 0 255 0
