wall -6,365945 4,677739 -5,692672 4,677739 0 0 0
wall -5,692672 4,677739 -5,953942 4,49686 0 0 0
wall -0,2361479 -0,2562456 -0,1758548 2,497139 0 0 0
wall -0,1758548 2,497139 1,110398 2,517236 0 0 0
wall 1,110398 2,517236 3,200558 2,39665 0 0 0
wall 3,200558 2,39665 3,18046 0,7285415 0 0 0
wall 3,18046 0,7285415 3,079972 -0,296441 0 0 0
wall -0,9496161 -1,030007 -3,421633 -1,019958 0 0 0
wall -3,421633 -1,019958 -3,491975 -0,6682484 0 0 0
wall -3,491975 -0,6682484 -2,436846 -0,5979065 0 0 0
wall -2,436846 -0,5979065 -0,9496161 -0,7385904 0 0 0
wall -0,8792742 -1,070202 -0,8591765 -0,698395 0 0 0
wall -0,8591765 -0,698395 -2,386601 -0,5376134 0 0 0
wall -2,386601 -0,5376134 -3,572366 -0,6079553 0 0 0
wall -3,572366 -0,6079553 -3,502023 -1,0903 0 0 0
wall -3,502023 -1,0903 -1,61284 -1,140544 0 0 0
wall -4,66769 -2,386601 -3,833636 -2,48709 0 0 0
wall -3,833636 -2,48709 -1,592742 -2,477041 0 0 0
wall -1,592742 -2,477041 -1,944452 -2,39665 0 0 0
wall 3,351291 -4,647592 3,190509 -2,969435 0 0 0
wall 3,190509 -2,969435 3,150314 -0,8390788 0 0 0
wall 3,150314 -0,8390788 3,260851 1,220935 0 0 0
wall 3,260851 1,220935 3,240753 2,466992 0 0 0
wall 3,240753 2,466992 1,050105 2,577529 0 0 0
wall 1,050105 2,577529 -2,145429 2,557432 0 0 0
wall -2,145429 2,557432 -4,848569 2,808653 0 0 0
wall -4,848569 2,808653 -6,074529 2,808653 0 0 0
wall -6,074529 2,808653 -6,787997 2,899093 0 0 0
wall -6,787997 2,899093 -7,129658 2,828751 0 0 0
wall -7,129658 2,828751 -7,169853 2,175576 0 0 0
wall -7,169853 2,175576 -7,079413 0,8993719 0 0 0
wall -7,079413 0,8993719 -7,2 -1,341521 0 0 0
wall -7,2 -1,341521 -7,10956 -3,542219 0 0 0
wall -7,10956 -3,542219 -7,149755 -4,446615 0 0 0
wall -7,149755 -4,446615 -7,089462 -4,516957 0 0 0
wall -7,089462 -4,516957 -0,04521982 -4,677739 0 0 0
gem 2,075087 4,597348 0 255 0
gem -4,748081 -2,22582 0 255 0
gem -4,446615 -1,924354 0 255 0
gem -5,270621 -2,74836 0 255 0
gem -6,104675 -3,582414 0 255 0
