wall -0,2294237 0,6541017 -0,1708475 3,387661 0 0 0
wall -0,1708475 3,387661 1,108068 3,407186 0 0 0
wall 1,108068 3,407186 3,177763 3,290034 0 0 0
wall 3,177763 3,290034 3,109424 0,6345763 0 0 0
wall 3,109424 0,6345763 0,4149152 0,5955254 0 0 0
wall -0,9421017 -0,136678 -1,69383 -0,1854915 0 0 0
wall -1,69383 -0,1854915 -3,158237 -0,1562034 0 0 0
wall -3,158237 -0,1562034 -3,431593 -0,1073898 0 0 0
wall -3,431593 -0,1073898 -3,480407 0,2245424 0 0 0
wall -3,480407 0,2245424 -2,357695 0,2928813 0 0 0
wall -2,357695 0,2928813 -0,9225762 0,1659661 0 0 0
wall -0,864 -0,1854915 -0,8737627 0,2343051 0 0 0
wall -0,8737627 0,2343051 -2,328407 0,3514576 0 0 0
wall -2,328407 0,3514576 -3,558508 0,2831186 0 0 0
wall -3,558508 0,2831186 -3,470644 -0,2050169 0 0 0
wall -3,470644 -0,2050169 -1,65478 -0,2440678 0 0 0
wall 6,975458 -1,51322 7,043797 -0,9567457 0 0 0
wall 7,043797 -0,9567457 7,063322 -1,122712 0 0 0
wall 7,063322 -1,122712 7,160949 -1,04461 0 0 0
wall 7,160949 -1,04461 7,2 -1,327729 0 0 0
wall -4,661695 -1,532746 -3,792814 -1,610847 0 0 0
wall -3,792814 -1,610847 -1,557153 -1,571797 0 0 0
wall 6,360407 -3,56339 6,604475 -3,075254 0 0 0
wall 6,604475 -3,075254 6,858305 -3,211932 0 0 0
wall 6,858305 -3,211932 6,643525 -3,182644 0 0 0
wall 6,643525 -3,182644 6,877831 -3,368135 0 0 0
wall 3,402305 -3,739119 3,226576 -2,059932 0 0 0
wall 3,226576 -2,059932 3,158237 0,3026441 0 0 0
wall 3,158237 0,3026441 3,246102 1,83539 0 0 0
wall 3,246102 1,83539 3,216814 3,358373 0 0 0
wall 3,216814 3,358373 1,049492 3,465763 0 0 0
wall 1,049492 3,465763 -2,152678 3,436475 0 0 0
wall -2,152678 3,436475 -4,837424 3,680542 0 0 0
wall -4,837424 3,680542 -6,087051 3,680542 0 0 0
wall -6,087051 3,680542 -6,780203 3,768407 0 0 0
wall -6,780203 3,768407 -7,141424 3,700068 0 0 0
wall -7,141424 3,700068 -7,180474 3,075254 0 0 0
wall -7,180474 3,075254 -7,082847 1,923254 0 0 0
wall -7,082847 1,923254 -7,2 -1,230102 0 0 0
wall -7,2 -1,230102 -7,131661 -3,67078 0 0 0
wall -7,131661 -3,67078 -4,134509 -3,768407 0 0 0
gem -4,437152 -1,005559 0 255 0
gem -5,325559 -1,893966 0 255 0
gem -6,116339 -2,684746 0 255 0
